54,35
10,10
10,16
10,246
10,172
10,146
10,2
10,3
11,10
11,13
11,2
9,6
9,4
8,10
8,5
8,18
8,8
8,2
8,3
0,318
34,431
34,430
34,429
34,428
34,427
34,426
34,425
34,424
34,423
34,422
34,421
34,420
34,419
34,418
34,417
34,416
34,415
34,414
34,413
34,412
34,411
34,410
34,409
34,408
34,407
34,406
34,405
34,404
34,403
34,402
34,401
34,400
34,399
34,398
34,397
34,396
34,395
34,394
34,393
34,392
34,391
34,390
34,389
34,388
34,387
34,386
34,385
34,321
34,320
34,319
34,318
34,317
34,316
34,315
34,314
34,313
34,312
34,311
34,310
34,309
34,308
34,307
34,306
34,305
34,304
34,303
34,302
34,301
34,300
34,299
34,298
34,297
34,296
34,295
34,294
34,293
34,292
34,291
34,290
34,289
34,288
34,287
34,286
34,285
34,284
34,283
34,282
34,281
34,280
34,279
34,278
34,277
34,276
34,275
33,86
33,85
33,80
33,68
33,64
33,7
33,5
33,3
33,1
20,3
20,2
20,1
19,3
19,2
19,1
12,3
12,2
12,1
11,26
11,25
11,24
11,20
11,18
11,14
11,12
11,8
11,7
11,5
11,4
18,1
11,3
11,1
10,302
18,3
10,288
10,256
10,234
14,1
10,222
14,4
10,220
10,208
10,1
14,3
13,1
10,14
9,1
13,3
9,7
9,3
9,2
8,16
8,15
8,14
8,13
8,1
2,2
2,1
8,7
3,3
2,3
3,2
3,1
0,0
54,34
54,33
54,32
54,31
54,30
54,29
54,28
54,27
54,26
54,25
54,24
54,23
54,22
54,21
54,20
54,19
54,18
54,17
54,16
54,15
54,14
54,13
54,12
54,11
54,10
54,9
54,8
54,7
54,6
54,5
54,4
54,3
54,2
54,0
0,276
0,275
0,272
0,271
0,12
0,317
0,10
0,8
0,546
0,556
0,268
0,507
0,555
0,267
0,506
0,430
0,266
0,505
0,434
0,265
0,504
0,459
0,264
0,560
0,450
0,263
0,503
0,571
0,262
0,502
0,568
0,261
0,501
0,449
0,260
0,537
0,528
0,259
0,500
0,429
0,258
0,536
0,426
0,257
0,499
0,419
0,256
0,545
0,552
0,255
0,523
0,397
0,254
0,535
0,438
0,253
0,498
0,561
0,252
0,534
0,569
0,251
0,522
0,387
0,250
0,533
0,422
0,249
0,554
0,553
0,248
0,521
0,306
0,247
0,520
0,570
0,246
0,497
0,304
0,245
0,496
0,456
0,244
0,495
0,313
0,242
0,494
0,439
0,241
0,493
0,463
0,240
0,492
10,164
10,278
30,3
30,1
31,1
32,3
43,3
34,3
34,640
14,5
35,3
35,1
41,1
42,3
28,3
28,1
26,1
27,3
25,3
24,3
24,1
