33,307
33,304
33,303
33,301
33,298
35,781
34,3477
34,3476
34,3475
34,3474
34,3473
34,3472
34,3471
34,3136
34,58
34,3470
34,3469
35,780
34,3468
34,3467
35,779
34,3466
34,3465
34,3464
34,3463
34,3462
35,778
35,759
34,3461
34,3460
35,777
34,3459
34,3458
35,776
34,3457
35,775
34,3456
35,774
34,3080
34,3327
34,3326
34,3325
34,3324
34,3323
34,3322
34,3321
34,3320
34,3319
35,773
34,3318
34,55
34,3317
34,3316
34,3315
34,3314
35,772
34,3313
34,3312
34,3311
34,3310
35,771
34,3309
34,3308
34,3307
34,3306
35,770
33,295
33,292
33,291
33,289
35,769
35,126
35,189
35,186
0,456
0,450
34,3305
34,3304
34,2278
34,3303
34,3302
34,3301
34,3300
34,3299
34,3298
34,3297
34,3296
34,3295
0,432
0,431
34,3294
35,575
34,3293
34,3292
34,3291
34,3290
35,574
35,573
34,3289
34,3288
35,572
34,3287
34,3286
34,3285
34,3284
34,3283
34,3282
35,571
35,570
34,3281
34,3280
34,3279
34,3278
34,3277
34,3276
34,3275
35,569
34,3274
34,3273
34,3272
34,3271
34,3270
35,568
34,3269
34,3268
34,3267
34,3266
34,3265
35,567
122,48
122,47
122,46
0,414
0,412
34,3441
34,3440
35,566
0,411
34,3439
34,3438
35,565
34,3437
34,3436
35,564
0,409
0,406
0,401
0,398
0,395
0,394
0,393
0,392
0,389
122,45
122,44
122,43
122,42
122,41
122,40
122,39
122,38
122,37
122,36
122,35
33,86
33,85
33,84
33,83
33,80
33,79
33,77
33,76
33,74
11,30
33,73
33,70
33,69
33,68
33,67
33,66
33,65
33,64
33,7
33,6
33,5
33,4
33,3
33,2
33,1
33,0
8,11
8,14
32,3
32,1
31,1
29,4
29,3
29,1
28,5
28,4
28,3
28,1
27,3
27,1
26,4
26,3
26,1
25,5
25,4
25,3
25,1
24,4
24,3
24,1
14,6
14,5
12,3
12,2
12,1
11,29
11,28
11,27
11,25
11,24
11,23
11,22
11,21
11,20
11,19
11,14
11,13
11,12
11,10
11,9
11,8
11,6
11,5
11,4
11,3
11,2
11,1
10,312
20,2
20,1
10,309
20,3
10,304
10,296
10,289
10,286
19,2
19,1
10,269
10,253
19,3
10,243
10,189
10,187
10,167
10,145
10,141
10,134
10,128
10,112
10,103
10,98
10,94
10,90
18,1
10,74
10,23
10,12
10,3
18,3
10,2
10,1
9,7
9,6
9,5
9,4
9,3
9,2
14,1
9,1
8,18
8,17
8,16
8,15
8,13
8,12
8,10
8,9
8,8
8,7
8,6
8,5
8,4
8,3
14,4
8,2
8,1
3,3
14,3
13,1
3,2
3,1
0,474
13,3
0,469
0,465
0,458
0,457
0,453
0,443
0,442
0,439
0,435
0,434
0,428
0,427
0,426
0,423
0,421
0,419
0,417
2,2
2,1
0,413
0,405
0,404
2,3
0,403
0,399
0,396
0,388
0,0
122,34
122,33
122,32
122,31
122,30
122,29
122,28
122,27
122,26
122,25
122,24
122,23
122,22
122,21
122,20
122,19
122,18
122,17
122,16
122,15
122,14
122,13
122,12
122,11
122,10
122,9
122,8
122,7
122,6
122,5
122,4
122,3
122,2
122,0
0,304
0,318
0,9
0,276
0,275
0,272
0,271
0,12
0,317
0,10
0,8
0,546
0,543
0,268
0,566
0,540
0,267
0,506
0,312
0,266
0,505
0,425
0,265
0,504
0,308
0,264
0,560
0,444
0,263
0,503
0,448
0,262
0,502
0,575
0,261
0,501
0,569
0,260
0,537
0,391
0,259
0,500
0,424
0,258
0,536
0,507
0,257
0,499
0,390
0,256
0,545
0,436
0,255
0,523
0,527
0,254
0,535
0,564
0,253
0,498
0,561
0,252
0,534
0,571
0,251
0,522
0,386
0,250
0,533
0,550
0,249
0,554
0,526
0,248
0,521
0,470
0,247
0,520
0,302
0,246
0,497
0,573
0,245
0,496
0,402
0,244
0,495
0,467
0,242
0,494
0,541
0,241
0,493
0,466
0,240
0,492
0,464
0,239
33,87
33,88
33,101
33,102
33,104
33,105
33,109
33,111
10,313
33,114
33,116
33,128
33,131
10,221
33,132
10,25
10,251
33,136
33,137
10,31
33,140
33,143
33,144
33,147
33,149
33,151
33,154
33,155
33,157
33,158
33,160
33,162
33,163
33,166
33,167
33,170
33,172
33,174
33,176
33,178
33,181
33,182
33,184
33,187
33,188
33,191
33,192
33,195
33,198
33,199
33,201
33,203
33,205
33,211
33,213
33,218
33,221
33,223
33,227
33,234
33,242
33,244
33,259
33,262
33,266
33,269
33,272
33,278
33,280
33,284
33,285
33,288
33,293
33,294
33,297
33,299
33,302
33,306
33,309
33,314
33,317
33,321
33,323
33,328
33,335
33,336
33,340
33,344
33,348
33,353
33,356
33,361
33,364
33,369
33,374
33,377
33,381
33,382
34,3
34,7
34,26
34,29
34,42
34,46
34,48
34,51
34,56
34,62
34,63
34,325
34,640
34,954
34,1061
34,1065
34,1069
34,1073
34,1077
34,1084
34,1123
34,1131
34,1134
34,1144
34,1147
34,1200
34,1209
34,1212
34,1287
34,1293
34,1300
34,1308
34,1313
34,1318
34,1321
34,1326
34,1328
34,1332
34,1339
34,1340
34,1346
34,1371
34,1414
34,1478
34,1483
34,1491
34,1495
34,1503
34,1508
34,1512
34,1516
34,1518
34,1524
34,1526
34,1543
34,1749
34,1819
34,1862
34,1867
34,1875
34,1881
34,1886
34,1920
34,1921
34,1932
34,1933
34,1941
34,1950
34,1952
34,1957
34,1960
34,1964
34,1969
34,1972
34,1977
34,1980
34,2033
34,2169
34,2174
34,2189
34,2197
34,2279
34,2280
34,2284
34,2286
34,2287
34,2289
34,2290
34,2292
34,2294
34,2295
34,2297
34,2298
34,2300
34,2301
34,2432
34,2719
34,2720
34,2880
34,2964
34,2967
34,2970
34,2972
34,3010
34,3012
34,3015
34,3016
34,3019
34,3023
34,3024
34,3027
34,3029
34,3032
34,3035
34,3037
34,3040
34,3042
34,3045
34,3046
34,3050
34,3053
34,3054
34,3058
34,3059
34,3062
34,3065
34,3067
34,3070
34,3073
34,3076
34,3078
34,3081
34,3083
34,3084
34,3086
34,3087
34,3089
34,3091
34,3092
34,3094
34,3095
34,3097
34,3099
34,3100
34,3102
34,3103
34,3105
34,3106
34,3108
34,3110
34,3111
34,3137
34,3138
34,3201
34,3203
34,3204
34,3206
34,3207
34,3209
34,3210
34,3212
34,3214
34,3215
34,3217
34,3218
34,3220
34,3222
34,3223
34,3225
34,3226
34,3228
34,3229
34,3231
34,3233
34,3234
34,3236
34,3237
34,3239
34,3241
34,3242
34,3244
34,3245
34,3247
34,3249
34,3250
34,3252
34,3253
34,3255
34,3256
34,3258
34,3260
34,3261
34,3263
34,3264
34,3329
34,3331
34,3332
34,3334
34,3335
34,3337
34,3338
34,3340
34,3342
34,3343
34,3345
34,3346
34,3348
34,3350
34,3351
34,3353
34,3354
34,3356
34,3357
34,3359
34,3361
34,3362
34,3364
34,3365
34,3367
34,3369
34,3370
34,3372
34,3373
34,3375
34,3377
34,3378
34,3380
34,3381
34,3383
34,3384
34,3386
34,3388
34,3389
34,3392
34,3393
34,3395
34,3397
34,3398
34,3400
34,3401
34,3403
34,3404
34,3406
34,3408
34,3409
34,3411
34,3412
34,3414
34,3416
34,3417
34,3419
34,3420
34,3422
34,3423
34,3425
34,3427
34,3428
34,3430
34,3431
34,3433
34,3435
35,3
35,9
35,1
35,15
35,17
35,25
35,32
35,33
35,45
35,47
35,49
35,51
35,55
35,114
35,118
35,124
35,130
35,133
35,138
35,141
35,146
35,147
35,152
35,159
35,161
35,164
35,170
35,193
35,200
35,203
35,208
35,213
35,218
35,219
35,225
35,230
35,232
35,238
35,241
35,247
35,251
35,253
35,259
35,261
35,266
35,267
35,274
35,279
35,280
35,287
35,288
35,293
35,300
35,301
35,306
35,309
35,314
35,319
35,332
35,356
35,362
35,365
35,371
35,388
35,395
35,397
35,402
35,405
35,408
35,413
35,416
35,420
35,425
35,430
35,432
35,438
35,451
35,453
35,459
35,461
35,466
35,470
35,493
35,499
35,502
35,515
35,518
35,520
35,522
35,523
35,525
35,526
35,528
35,530
35,531
35,533
35,534
35,536
35,537
35,539
35,541
35,542
35,544
35,545
35,547
35,549
35,550
35,552
35,553
35,555
35,557
35,558
35,560
35,561
35,563
35,586
35,621
35,626
35,628
35,634
35,642
35,646
35,652
35,654
35,658
35,662
35,666
35,724
35,744
35,747
35,749
35,752
35,754
35,757
35,760
35,761
35,763
35,764
35,766
35,767
35,895
118,5
118,6
118,9
119,1
33,153
33,134
33,138
34,4
118,10
118,8
119,3
35,421
35,704
34,3077
33,129
33,130
34,57
35,42
35,4
35,6
34,6
34,39
34,512
35,167
35,27
35,166
34,576
35,43
35,16
34,8
34,3009
34,3011
35,608
34,1314
33,277
31,3
31,5
34,59
34,54
33,275
33,279
33,286
34,60
34,40
35,427
35,475
35,641
35,689
34,2718
34,3020
34,3039
34,3044
35,11
35,12
35,517
34,1856
34,2283
35,318
35,384
34,1348
34,1351
34,1353
34,1473
34,1489
34,1492
34,1601
34,1602
34,1652
34,1728
34,1729
34,2190
34,2191
35,169
35,194
35,195
31,4
34,27
35,94
35,112
35,116
35,117
35,121
35,125
35,127
35,132
35,135
35,137
35,140
35,143
35,145
35,148
35,151
35,156
35,158
35,165
35,196
35,201
35,202
35,206
35,211
35,212
35,216
35,217
35,222
35,223
35,227
35,229
35,233
35,236
35,237
35,240
35,245
35,246
35,249
35,252
35,255
35,257
35,260
35,264
35,265
35,269
35,271
35,273
35,277
35,278
35,282
35,284
35,286
35,290
35,292
35,295
35,297
35,299
35,302
35,305
35,308
35,311
35,313
35,315
35,320
35,357
35,358
35,364
35,367
35,387
35,389
35,393
35,396
35,398
35,401
35,403
35,406
35,410
35,412
35,415
35,417
35,428
35,429
35,433
35,436
35,437
35,450
35,454
35,457
35,460
35,462
35,465
35,467
35,471
